NAME:____________________________________________________________________
CLASS:____________________________ ROLL NO.:_____________________________
SUBJECT:_________________________________________________________________


#Practical No. 3

> x=c(1,3,7,11,6) ;x
[1]  1  3  7 11  6
> y=c(1:5) ;y
[1] 1 2 3 4 5
> A=cbind(x,y) ;A
      x y
[1,]  1 1
[2,]  3 2
[3,]  7 3
[4,] 11 4
[5,]  6 5
> z=c(x,y) ;z
 [1]  1  3  7 11  6  1  2  3  4  5
> A=matrix(z,byrow=F,ncol=2) ;A
     [,1] [,2]
[1,]    1    1
[2,]    3    2
[3,]    7    3
[4,]   11    4
[5,]    6    5

#Diagonal Matrix
> A1=diag(c(5,20,10)) ;A1
     [,1] [,2] [,3]
[1,]    5    0    0
[2,]    0   20    0
[3,]    0    0   10

#Transpose Matrix
> A2=t(A) ;A2
     [,1] [,2] [,3] [,4] [,5]
[1,]    1    3    7   11    6
[2,]    1    2    3    4    5

#Scalar Multiplication
> A3=5*A1 ;A3
     [,1] [,2] [,3]
[1,]   25    0    0
[2,]    0  100    0
[3,]    0    0   50

#Matrix Addition
> b1=c(2,4,5,9,3,8) ;b1
[1] 2 4 5 9 3 8
> b2=c(3,4,5,10,39,8) ;b2
[1]  3  4  5 10 39  8
> B1=matrix(b1,byrow=T,ncol=2) ;B1
     [,1] [,2]
[1,]    2    4
[2,]    5    9
[3,]    3    8
> B2=matrix(b2,byrow=T,ncol=2) ;B2
     [,1] [,2]
[1,]    3    4
[2,]    5   10
[3,]   39    8
> B3=B1+B2 ;B3
     [,1] [,2]
[1,]    5    8
[2,]   10   19
[3,]   42   16

#Matrix Multiplication
> B4=matrix(c(2,4,3,7),byrow=T,ncol=2) ;B4
     [,1] [,2]
[1,]    2    4
[2,]    3    7
> B3%*%B4
     [,1] [,2]
[1,]   34   76
[2,]   77  173
[3,]  132  280

#Determinant Of Matrix
> det(B4)
[1] 2

#Inverse Of Matrix
> B5=solve(B4) ;B5
     [,1] [,2]
[1,]  3.5   -2
[2,] -1.5    1
> round(B5)
     [,1] [,2]
[1,]    4   -2
[2,]   -2    1


#SET-1

#QUE-1
> a=c(7,18,-2,11,-18,3,33,1,9,-4,0,21) ;a
 [1]   7  18  -2  11 -18   3  33   1   9  -4   0  21
> A=matrix(a,byrow=T,ncol=4) ;A
     [,1] [,2] [,3] [,4]
[1,]    7   18   -2   11
[2,]  -18    3   33    1
[3,]    9   -4    0   21
> A1=t(X) ;A1
     [,1] [,2] [,3]
[1,]    7  -16    9
[2,]   18    3   -4
[3,]   -2   55    0

#QUE-2i)
> a=c(2,4,5,9,3,8) ;a
[1] 2 4 5 9 3 8
> b=c(4,9) ;b
[1] 4 9
> A=matrix(a,byrow=T,ncol=2) ;A
     [,1] [,2]
[1,]    2    4
[2,]    5    9
[3,]    3    8
> B=matrix(b,byrow=T,ncol=1) ;B
     [,1]
[1,]    4
[2,]    9
> M=A%*%B ;M
     [,1]
[1,]   44
[2,]  101
[3,]   84

#QUE-2ii)
> a=c(12,4,5,8,23,18) ;a
[1] 12  4  5  8 23 18
> b=c(32,14,5,7,3,8) ;b
[1] 32 14  5  7  3  8
> A=matrix(a,byrow=T,ncol=2) ;A
     [,1] [,2]
[1,]   12    4
[2,]    5    8
[3,]   23   18
> B=matrix(b,byrow=T,ncol=2) ;B
     [,1] [,2]
[1,]   32   14
[2,]    5    7
[3,]    3    8
> Add=A+B ;Add
     [,1] [,2]
[1,]   44   18
[2,]   10   15
[3,]   26   26


#SET-2

#QUE-3
> x=c(7,18,-2,-16,3,55,9,-4,0) ;x
[1]   7  18  -2 -16   3  55   9  -4   0
> X=matrix(x,byrow=T,ncol=3) ;X
     [,1] [,2] [,3]
[1,]    7   18   -2
[2,]  -16    3   55
[3,]    9   -4    0
> I=solve(X) ;I
            [,1]        [,2]        [,3]
[1,] 0.021202776 0.000771010  0.09599075
[2,] 0.047706245 0.001734773 -0.03402082
[3,] 0.003565921 0.018311488  0.02978026

#QUE-4i)
> Age=c(60,72,45) ;Age
[1] 60 72 45
> BMI=c(28,21,35) ;BMI
[1] 28 21 35
> BP=c(124,127,140) ;BP
[1] 124 127 140
> Y=cbind(Age,BMI,BP) ;Y
     Age BMI  BP
[1,]  60  28 124
[2,]  72  21 127
[3,]  45  35 140
> Z=matrix(Y,byrow=F,ncol=3) ;Z
     [,1] [,2] [,3]
[1,]   60   28  124
[2,]   72   21  127
[3,]   45   35  140

#QUE-4ii)
> SM=7*Z ;SM
     [,1] [,2] [,3]
[1,]  420  196  868
[2,]  504  147  889
[3,]  315  245  980 












